0.836726 3.3119
0.920398 3.63924
0.952014 3.76274
1.11324 4.39099
1.66702 6.52914
2.30643 8.95975
2.89733 11.1696
2.91044 11.2182
3.53185 13.5037
4.20868 15.9491
4.4913 16.9566
5.09538 19.0834
5.81006 21.5524
5.94688 22.0193
6.10197 22.5462
6.3653 23.4353
6.78697 24.8447
7.19459 26.1903
7.26078 26.4072
7.87985 28.4148
7.92561 28.5617
8.49919 30.3849
8.84504 31.4684
9.29867 32.8714
9.39928 33.1798
9.58799 33.7555
9.73701 34.2076
9.96114 34.8834
10.6442 36.9119
11.3761 39.0336
11.8101 40.2666
12.3309 41.721
12.6473 42.5915
12.6749 42.667
13.366 44.5316
13.8155 45.7185
13.8627 45.842
14.1812 46.6695
14.7938 48.2323
15.4544 49.8756
15.5989 50.2293
15.8241 50.7764
16.459 52.2911
16.7142 52.8887
17.499 54.6852
17.6505 55.025
18.1649 56.1614
18.4299 56.7366
18.6811 57.2752
19.3159 58.6084
19.9624 59.9247
20.0374 60.0747
20.7753 61.5205
20.8998 61.7591
21.5274 62.9381
22.2991 64.3339
22.3985 64.5093
22.9307 65.432
23.0662 65.6623
23.74 66.7806
24.4092 67.8463
24.6925 68.284
25.3723 69.3015
26.1067 70.3488
26.1949 70.4709
26.9479 71.4821
27.3396 71.9858
27.447 72.1211
28.1431 72.9708
28.9127 73.8536
29.7098 74.7056
29.7973 74.7953
30.4401 75.4304
31.12 76.0573
31.4912 76.38
32.0913 76.8726
32.4752 77.1689
32.7659 77.3834
33.28 77.7421
33.9984 78.199
34.2632 78.3544
34.6652 78.577
35.4544 78.9669
35.7669 79.104
36.1501 79.2589
36.4333 79.3639
36.5341 79.3994
36.5347 79.3996
36.5368 79.4003
36.6114 79.4259
37.3247 79.6421
37.9884 79.7977
38.4987 79.8873
38.9503 79.9449
39.5739 79.9909
40.0644 79.9998
40.2557 79.9967
40.2976 79.9956
40.4268 79.9909
41.1952 79.9286
41.42 79.8992
42.2056 79.7568
42.4115 79.7092
42.4757 79.6935
42.6222 79.6562
43.389 79.4257
44.1077 79.1563
44.5638 78.9586
45.2395 78.6274
45.6214 78.42
46.2361 78.0555
46.6054 77.8185
47.2147 77.3974
47.8268 76.9371
48.1837 76.6513
48.2998 76.5557
48.8693 76.0667
49.4884 75.4985
49.9096 75.09
50.1949 74.8032
50.2253 74.7722
50.6432 74.3361
51.1482 73.7859
51.7841 73.0567
52.0347 72.7583
52.2176 72.5365
52.5059 72.1801
52.9608 71.6008
53.3984 71.0242
53.9889 70.2156
54.4878 69.5051
54.6101 69.3273
55.0352 68.6971
55.4957 67.9942
55.9485 67.2822
56.4997 66.3881
57.0812 65.4117
57.3857 64.8868
57.821 64.1206
58.1664 63.4991
58.8398 62.2531
59.4553 61.0745
59.6387 60.716
59.8477 60.3035
60.0483 59.9033
60.7484 58.4752
60.7537 58.4642
61.3408 57.2286
61.799 56.2402
62.131 55.5109
62.1358 55.5003
62.4319 54.8406
62.5836 54.4991
62.9869 53.5801
63.5636 52.2377
63.696 51.9249
63.8841 51.4776
64.645 49.6312
64.7909 49.2705
65.0178 48.7054
65.6334 47.1463
65.6764 47.036
65.7656 46.8066
66.5002 44.8869
66.8169 44.0426
67.169 43.0923
67.3074 42.7152
67.3779 42.5226
67.9383 40.9724
68.3677 39.7637
68.8894 38.2702
69.365 36.8847
69.4966 36.4975
70.2047 34.3837
70.4407 33.6681
70.6583 33.0033
70.7197 32.8151
70.9169 32.2074
71.2795 31.0798
71.3737 30.7846
71.9886 28.8364
72.7238 26.4576
73.1359 25.1006
73.2093 24.8571
73.999 22.2032
74.5351 20.3664
75.1037 18.3864
75.7547 16.0799
76.0985 14.8448
76.8294 12.1799
77.3803 10.1357
77.8709 8.28962
78.1286 7.31057
78.5332 -5.75959
77.8305 -8.44259
76.9665 -11.6738
76.8598 -12.0677
75.8349 -15.793
75.553 -16.7992
74.6055 -20.1228
74.5554 -20.2963
73.5174 -23.8291
73.5287 -23.7914
72.8848 -25.9293
72.273 -27.9228
71.4742 -30.4687
72.0696 -28.5771
71.0141 -31.9064
71.0417 -31.8206
70.9878 -31.9879
70.9932 -31.971
70.915 -32.2132
69.7674 -35.6952
69.7215 -35.8315
68.9915 -37.9748
68.3863 -39.711
68.6506 -38.9571
68.0498 -40.6603
67.3602 -42.5709
67.6688 -41.7218
67.592 -41.934
66.569 -44.7043
65.9134 -46.4249
65.719 -46.9267
65.6889 -47.0041
65.7005 -46.9741
65.1536 -48.3648
65.3602 -47.8429
64.2829 -50.517
63.954 -51.3103
64.1566 -50.8229
63.7671 -51.7564
63.1698 -53.158
62.6331 -54.3871
62.4575 -54.7831
62.4753 -54.743
61.9168 -55.9827
62.0763 -55.6318
61.1836 -57.5627
61.0521 -57.8405
60.768 -58.4346
60.0842 -59.8313
59.9046 -60.1903
59.9553 -60.0893
59.2233 -61.5233
58.8351 -62.2619
58.2446 -63.3567
57.6148 -64.486
57.1982 -65.2111
57.2914 -65.0504
56.5583 -66.2912
56.0978 -67.0431
55.625 -67.793
55.1172 -68.5735
55.1965 -68.4533
54.1649 -69.9678
54.0996 -70.0601
53.2559 -71.2141
52.7239 -71.9052
52.7443 -71.8792
52.5718 -72.0975
52.0834 -72.6996
51.2163 -73.7097
50.8487 -74.1153
51.0024 -73.9473
50.4673 -74.5217
50.0458 -74.9541
49.7825 -75.2152
49.2092 -75.7596
48.381 -76.488
48.9448 -75.9995
47.9177 -76.8655
47.7645 -76.9856
47.0327 -77.5271
46.7614 -77.7142
45.7756 -78.3321
45.6554 -78.4008
44.9548 -78.7725
44.574 -78.9539
44.0092 -79.1963
43.242 -79.4745
42.7662 -79.6174
43.187 -79.4922
42.239 -79.7493
42.1278 -79.7736
41.9107 -79.8175
40.621 -79.9807
40.3611 -79.9935
40.7341 -79.9731
40.4207 -79.9912
39.9104 -79.9996
38.958 -79.9457
39.2522 -79.972
38.7619 -79.9234
37.4488 -79.6746
36.6477 -79.4381
37.0964 -79.5785
36.7747 -79.4799
37.0835 -79.5747
37.0348 -79.5604
36.7741 -79.4797
36.3062 -79.3178
35.9287 -79.1712
35.373 -78.9296
35.0084 -78.7542
34.33 -78.3926
33.7112 -78.0226
33.2924 -77.7504
32.6456 -77.2957
32.1692 -76.934
32.1146 -76.891
31.4546 -76.3488
30.8538 -75.8173
29.9417 -74.9416
29.9447 -74.9445
29.4836 -74.4703
28.6188 -73.5234
27.6767 -72.4068
27.5508 -72.2508
27.0245 -71.5819
26.4862 -70.8689
26.2245 -70.5117
26.0238 -70.2333
25.0918 -68.8873
24.7948 -68.44
24.3646 -67.7767
23.3299 -66.1053
23.7094 -66.7308
22.5701 -64.81
22.7309 -65.0889
21.7265 -63.3039
21.597 -63.0665
21.1005 -62.1405
20.4466 -60.8832
20.4921 -60.9721
19.45 -58.8849
18.8737 -57.684
18.5288 -56.9495
18.8075 -57.5438
17.794 -55.3447
18.0625 -55.9372
17.2246 -54.0641
17.1688 -53.9368
15.9992 -51.1981
16.1526 -51.5651
16.0563 -51.3349
15.2145 -49.2838
14.3672 -47.1479
14.1892 -46.69
14.4213 -47.2866
13.9319 -46.0228
13.3307 -44.4373
13.2928 -44.3362
13.036 -43.6472
12.441 -42.025
11.817 -40.286
11.2893 -38.7848
10.2498 -35.7464
9.97852 -34.9355
10.2923 -35.8728
9.87324 -34.6189
9.67437 -34.0178
9.32266 -32.945
8.94282 -31.7726
8.03902 -28.9248
8.66755 -30.9139
7.73291 -27.9418
7.48852 -27.1502
7.25266 -26.3806
6.81131 -24.9255
6.76079 -24.7577
6.67645 -24.477
6.45807 -23.7469
5.40876 -20.1723
4.65098 -17.5223
4.26801 -16.1613
4.03879 -15.3396
3.22333 -12.3738
2.90244 -11.1885
2.95011 -11.3653
2.32025 -9.01181
1.65818 -6.49526
1.45253 -5.70463
1.5797 -6.19404
1.46869 -5.76692
0.836726 -3.3119
0.836726 3.3119

76.7557 0.280251
39.2081 -59.3861
0.223073 21.4873
57.795 45.9879
31.552 -31.641
26.0172 -64.4675
26.1086 8.20146
66.6013 27.9614
31.5522 52.1892
37.1687 60.4258
22.1067 -37.6338
45.2549 19.0726
9.27625 -42.0248
63.3529 -13.2398
78.6615 -29.086
10.5473 -11.926
6.71957 -8.97356
51.287 45.2941
42.7826 2.10213
66.4299 6.99624
16.0599 -32.3527
17.8792 -52.9075
72.9329 26.4125
33.6806 -10.0479
71.3776 27.9337
25.2039 -57.4704
41.7047 -76.3363
9.18171 -38.1028
30.1721 -30.447
11.2232 -7.99366
34.6666 21.4411
14.7829 -67.5987
58.9053 -32.1272
44.4282 -0.550547
77.5058 -42.495
58.4671 -56.0491
59.3979 17.1609
76.2733 17.9563
4.54367 -19.7124
21.993 -8.63506
59.1637 20.0726
64.4003 -23.3443
6.96039 11.542
60.3426 -28.0822
23.3062 3.6156
3.49052 -1.60725
5.99114 25.7681
1.40347 20.3216
63.068 43.9331
68.9067 -18.4159
28.4204 -41.9554
5.54525 4.89427
8.24332 -6.15333
5.55443 -46.5738
63.1792 -24.3384
21.6249 -51.197
13.8942 -64.8114
49.236 44.8178
19.72 29.7612
52.7976 29.2294
46.912 32.567
21.8963 -30.6298
65.5003 -12.2118
49.8116 9.14688
68.7527 25.9872
79.9376 15.1474
74.8284 -34.8975
56.5073 -11.8542
9.0985 -10.7783
37.7487 -0.599621
4.95665 67.7936
1.65201 -35.0583
40.9405 13.2329
56.3852 -15.4643
53.4832 64.3205
65.5833 64.6562
33.7496 27.8317
70.4485 32.9171
52.4134 46.8418
44.6315 -27.3398
29.5921 -70.293
17.8475 17.1083
39.2387 1.80235
6.74303 57.3737
2.03658 20.8098
10.2067 -59.0747
65.0272 30.7251
2.73536 2.24647
22.5986 -35.6033
62.0867 18.5037
74.2443 57.451
18.7909 12.9462
45.7447 8.54191
69.1303 36.7893
20.8209 53.2896
29.2129 54.8147
72.4693 11.3643
9.32755 -3.8835
66.5389 32.3545
43.8711 22.0496
57.1592 47.2221
16.3959 -46.6577
10.4015 -9.6865
23.5827 -43.1347
70.7958 34.5804
21.8532 8.50015
34.1752 24.6812
59.6199 29.9478
64.2023 15.4121
37.1172 -19.1164
71.6254 48.1657
78.1332 19.0612
42.3518 -25.0071
39.9595 -14.3942
32.9447 54.3894
79.501 50.4913
74.7985 -28.9332
34.8446 10.6397
28.8681 -29.4119
49.7942 7.62015
60.7734 0.873814
47.6614 -1.87127
74.7465 21.6987
30.4254 3.03469
3.20349 -13.5906
40.442 4.18185
3.40045 63.6297
24.8111 -10.9565
20.5887 13.8054
74.9668 -42.144
63.4617 31.0233
68.5747 42.8366
37.9951 -4.66312
59.9915 42.843
14.4156 18.3589
5.87377 0.374941
58.0076 -58.5695
24.6434 24.4482
27.9443 16.7826
51.2773 -7.45545
22.5836 -2.04078
2.52983 4.99139
48.1586 12.2456
31.3239 -36.9274
15.2686 -56.9238
66.1088 -3.59883
5.09172 38.1119
17.8616 -33.391
0.534595 -44.981
36.9475 18.6988
49.618 -28.2594
43.432 -5.88721
49.6489 4.28738
73.4115 -50.4675
7.78489 26.1282
64.8745 -37.551
63.3153 10.1194
51.1094 -5.97817
17.5728 31.6859
41.0722 -18.3972
70.7423 -16.9335
51.9573 25.5218
45.0527 -12.6062
36.6241 6.79661
50.4609 -14.0043
64.2465 -28.0891
16.5471 17.3863
42.7573 -19.8226
54.3167 -15.6034
15.213 -74.1576
16.9799 70.7481
32.2349 -57.1417
29.3106 -45.5317
12.2772 -36.0109
30.8801 -22.6406
67.9125 -2.73534
64.9965 -13.4617
18.6401 55.8453
77.678 48.0355
79.4719 49.6172
43.3228 -19.829
20.2109 -28.8187
20.1391 -13.3494
68.1181 26.095
47.749 53.303
29.7419 53.1181
51.4724 -4.19917
12.6551 26.0436
8.93434 26.8642
33.6164 -4.71796
30.175 -39.123
44.2049 -35.8369
76.3555 -19.2952
